AAL					
	17.25	17.33	16.33	16.84	49436000
	17.03	17.26	16.55	16.59	39287800
	16.61	17.72	16.49	17.60	61414800
	17.48	17.59	17.31	17.40	37606800
	17.60	17.67	17.07	17.19	30809800
	17.32	18.09	17.24	17.77	44177500
	17.74	17.76	17.34	17.44	29972900
	17.55	17.68	17.27	17.41	28503000
	17.30	17.40	16.79	16.99	38632300
	17.01	17.49	16.92	17.27	27415000
	17.63	17.90	17.51	17.82	33615500
	17.69	18.34	17.48	17.99	35475700
	17.83	17.98	17.45	17.71	26328200
	17.90	18.83	17.78	18.68	48663800
	19.84	21.11	19.31	20.44	99937700
	20.68	21.05	18.74	20.66	78817600
	20.87	22.12	20.75	21.82	74610200
	22.13	22.44	20.38	20.86	65571000
	20.61	21.43	20.34	20.94	42254600
	
					
CLDR					
	15.47	16.34	15.26	16.18	4456200
	16.43	17.54	15.93	16.90	9945000
	17.07	17.18	16.68	16.82	3725800
	16.95	17.11	16.57	16.75	3676700
	16.77	17.73	16.68	17.11	4463600
	17.36	17.62	17.19	17.44	3353400
	17.50	18.50	17.49	18.37	5729200
	18.60	18.80	17.88	18.44	4871000
	18.64	19.07	18.50	18.61	3724200
	18.72	19.17	18.51	18.99	2514800
	19.25	19.35	18.39	18.58	3273300
	18.41	18.51	18.01	18.49	3435700
	18.23	18.44	18.10	18.33	2793900
	18.47	18.88	18.41	18.69	2513500
	18.28	18.55	17.38	17.44	4905900
	16.35	16.72	15.50	16.62	5692400
	16.84	16.84	16.23	16.60	3072700
	16.39	16.92	15.97	16.10	4097100
	16.20	16.39	15.70	16.14	3200200
	
				
CLNE					
	10.21	10.69	10.01	10.57	4525700
	10.79	10.89	10.02	10.47	4281900
	11.51	13.10	11.29	12.83	17966300
	13.30	13.60	12.70	12.80	10224500
	12.96	13.08	12.25	12.97	6615000
	16.86	18.42	16.00	17.87	31729500
	17.97	18.78	17.76	18.64	12839300
	19.55	19.79	16.53	16.94	14621800
	17.10	17.32	16.14	16.73	6508900
	16.35	17.32	15.78	17.29	6196100
	17.07	17.20	15.20	15.92	8254200
	15.93	16.07	15.02	15.54	5943100
	14.96	15.12	14.01	14.05	9336000
	14.46	15.99	14.26	14.98	8283700
	15.24	15.65	14.56	14.65	6804000
	13.60	13.75	11.32	13.59	9653900
	13.87	14.07	13.16	13.82	5506300
	13.41	13.84	12.64	12.85	5543400
	12.40	13.16	12.13	13.04	7466500
	
					
ERIC					
	12.76	12.82	12.49	12.75	12492300
	12.91	12.91	12.65	12.78	7375100
	12.99	13.28	12.85	13.17	7050600
	13.11	13.23	13.04	13.19	7631600
	13.22	13.27	13.14	13.15	4580300
	13.23	13.35	13.23	13.33	5808400
	13.53	13.65	13.50	13.52	4490700
	13.70	13.72	13.47	13.59	4146600
	13.70	13.71	13.51	13.59	3102000
	13.50	13.69	13.50	13.65	2762200
	13.39	13.52	13.35	13.37	7228000
	13.23	13.26	13.01	13.13	6838600
	13.10	13.16	12.97	13.05	8672500
	13.01	13.03	12.81	12.85	10182200
	12.76	12.82	12.68	12.71	6797500
	12.63	12.64	12.37	12.61	6457600
	12.42	12.62	12.39	12.56	7769800
	12.79	12.96	12.59	12.66	9080800
	12.66	12.67	12.46	12.53	4725900
	
					
HIMX					
	9.95	11.22	9.76	11.02	8756200
	11.35	11.40	10.51	10.91	4134100
	11.07	11.28	10.80	11.18	3203300
	11.50	11.83	10.27	10.86	6661700
	10.90	12.70	10.53	12.56	9553200
	13.29	15.16	13.02	15.11	12333900
	15.03	17.88	14.62	15.29	13315500
	15.93	16.48	15.17	15.29	6111000
	15.55	15.72	14.34	15.27	5191000
	15.02	16.20	14.80	15.86	3699400
	16.40	16.73	15.47	15.95	4697800
	15.60	16.14	14.68	15.24	3611500
	14.60	14.88	13.44	14.16	6804800
	14.45	15.32	14.33	15.07	3313400
	14.87	15.32	14.34	14.63	3263700
	13.80	14.23	11.58	13.95	5166200
	13.90	14.42	13.52	14.38	2280600
	14.26	14.60	13.02	13.16	2595600
	13.36	13.74	12.80	13.47	2597400
	
					
IMAX					
	19.27	19.85	18.76	19.73	812100
	19.88	19.97	18.44	18.80	876300
	18.86	19.07	18.35	18.87	524700
	18.87	18.90	17.96	18.30	690200
	18.39	18.64	18.16	18.29	332600
	18.53	18.63	17.96	18.20	539600
	18.10	18.29	17.41	17.87	540700
	17.95	18.79	17.66	18.65	486100
	18.65	18.73	18.17	18.40	441300
	18.42	18.75	18.29	18.64	311700
	20.00	20.47	19.44	19.85	1446400
	20.01	20.40	19.99	20.25	917700
	19.96	20.52	19.89	19.98	529000
	20.17	20.17	19.47	19.51	364900
	19.50	20.62	19.43	20.60	1485500
	20.64	20.99	20.04	20.51	707400
	20.55	20.94	20.06	20.84	743900
	20.89	21.28	20.40	20.53	864100
	20.65	21.18	20.31	20.67	590300
	
					
OUT					
	18.27	18.49	17.95	18.36	1661700
	18.53	18.84	18.32	18.64	1451400
	18.61	18.97	18.42	18.92	1017600
	18.98	19.06	18.77	18.86	1079000
	19.13	20.20	18.88	20.11	1653300
	20.22	21.82	20.17	21.50	2452900
	21.49	21.51	20.76	21.05	1535700
	21.18	21.90	20.86	21.79	1458800
	21.89	22.24	21.63	21.81	1408800
	21.60	21.78	21.18	21.30	823800
	21.58	21.64	21.10	21.52	1461100
	21.36	21.48	21.05	21.34	833000
	21.11	21.55	21.02	21.02	843500
	21.05	21.75	21.05	21.48	710500
	21.47	22.70	21.47	22.44	2029100
	22.59	22.75	21.72	22.02	6633200
	22.20	22.50	21.70	21.78	2117200
	21.88	22.04	20.57	20.58	1813300
	20.92	21.05	19.93	20.28	3438800
	
					
PRTS					
	16.22	16.73	15.60	16.49	2184100
	16.37	18.26	16.25	17.39	7259500
	17.57	18.22	17.13	17.61	2786600
	17.74	19.48	17.41	18.99	3846900
	19.00	19.66	18.59	19.12	2130600
	19.86	21.94	19.76	20.63	4783400
	20.89	22.09	20.67	21.87	2151000
	22.28	23.26	20.76	21.34	3159400
	21.39	21.95	20.86	20.97	1341700
	20.75	20.75	19.61	20.60	1175400
	21.42	22.29	21.16	21.40	1690600
	21.15	21.28	19.60	19.92	1848200
	19.74	20.11	18.88	19.22	1342400
	19.52	19.91	19.02	19.50	1630800
	19.21	19.48	18.45	18.66	1617200
	17.94	18.30	16.76	18.13	1692900
	18.30	18.37	17.43	17.84	1196700
	17.99	18.39	16.81	17.30	1495400
	17.25	18.18	17.22	17.73	1490400
	
					
ZIXI					
	8.29	8.35	8.14	8.32	357500
	8.59	9.12	8.55	8.88	677300
	8.93	9.12	8.73	8.78	443700
	8.81	8.94	8.70	8.90	773400
	9.01	9.82	8.99	9.77	1097500
	9.84	10.15	9.76	9.96	890200
	9.88	10.20	9.67	10.09	730700
	10.19	10.27	9.75	10.00	647900
	10.06	10.13	9.74	9.88	480100
	9.83	10.08	9.65	10.02	397300
	10.00	10.17	9.68	9.81	615600
	9.74	9.87	9.36	9.84	433400
	9.74	10.08	9.63	9.95	394800
	10.10	10.37	9.94	10.13	622000
	10.07	10.28	9.86	10.00	559600
	9.88	9.88	9.11	9.74	724200
	9.79	9.86	9.29	9.59	593500
	9.60	9.62	9.11	9.26	386800
	8.90	9.05	7.35	7.38	2722700
	
					
ZNGA					
	10.35	10.35	9.98	10.14	14032300
	10.24	10.39	10.08	10.33	16966500
	10.38	10.40	10.20	10.26	15321500
	10.32	10.44	10.16	10.29	11404300
	10.36	10.77	10.30	10.68	23508500
	11.00	11.19	10.82	11.02	43368600
	11.48	11.49	11.08	11.33	32543500
	11.55	11.58	11.02	11.16	33663900
	11.58	12.27	11.11	11.98	60079600
	11.88	12.00	11.49	11.60	30291600
	11.67	11.70	11.34	11.50	27078600
	11.45	11.58	11.31	11.54	16318500
	11.48	12.30	11.35	12.10	48698100
	12.24	12.32	11.99	12.18	26393800
	11.95	12.08	11.62	11.69	21868700
	11.27	11.46	10.92	11.40	32173300
	11.35	11.47	11.25	11.29	14240300
	11.20	11.39	11.02	11.04	12682400
	11.11	11.48	10.97	11.15	30022600
					
END					
